0.000000e+00
0.000000e+00
0.000000e+00
0.000000e+00
4.212644e-03
0.000000e+00
0.000000e+00
0.000000e+00
0.000000e+00
1.388389e-03
0.000000e+00
0.000000e+00
2.412849e-03
1.376021e-03
0.000000e+00
0.000000e+00
2.412848e-03
1.376021e-03
0.000000e+00
2.412848e-03
2.412848e-03
1.388389e-03
0.000000e+00
0.000000e+00
0.000000e+00
1.832198e-04
0.000000e+00
0.000000e+00
8.660194e-04
0.000000e+00
7.608223e-04
0.000000e+00
0.000000e+00
0.000000e+00
0.000000e+00
8.660194e-04
7.608223e-04
0.000000e+00
3.715621e-03
3.279897e-03
3.715621e-03
3.715621e-03
3.715621e-03
3.279897e-03
8.660194e-04
7.608223e-04
0.000000e+00
0.000000e+00
0.000000e+00
0.000000e+00
0.000000e+00
7.608223e-04
8.660194e-04
0.000000e+00
0.000000e+00
1.832198e-04
0.000000e+00
2.132225e-03
5.013650e-04
5.013650e-04
2.132225e-03
7.670020e-04
7.670020e-04
3.274559e-03
2.124138e-03
2.124138e-03
4.917774e-04
4.917774e-04
1.756084e-04
3.274559e-03
2.124138e-03
4.917774e-04
4.917774e-04
2.124138e-03
1.756084e-04
7.670020e-04
2.132225e-03
7.670020e-04
2.132225e-03
5.013650e-04
5.013650e-04
2.057948e-05
0.000000e+00
0.000000e+00
2.763770e-04
0.000000e+00
2.671471e-04
0.000000e+00
0.000000e+00
0.000000e+00
0.000000e+00
2.763770e-04
2.671471e-04
0.000000e+00
4.085440e-03
3.962828e-03
4.085440e-03
4.085440e-03
4.085440e-03
3.962828e-03
2.763770e-04
2.671471e-04
0.000000e+00
0.000000e+00
0.000000e+00
0.000000e+00
0.000000e+00
2.671471e-04
2.763770e-04
0.000000e+00
0.000000e+00
2.057948e-05
0.000000e+00
2.343128e-03
1.803168e-03
9.345542e-04
6.299376e-04
9.345542e-04
1.803168e-03
2.084100e-04
0.000000e+00
0.000000e+00
1.613931e-04
0.000000e+00
2.084100e-04
1.613931e-04
0.000000e+00
1.573606e-03
1.620473e-03
3.138517e-03
2.342131e-03
3.041836e-03
2.337848e-03
1.202173e-03
1.792232e-03
1.792232e-03
1.202173e-03
9.225608e-04
9.225608e-04
0.000000e+00
1.045354e-04
1.560903e-04
0.000000e+00
1.045354e-04
0.000000e+00
0.000000e+00
1.560903e-04
1.620473e-03
1.573606e-03
2.342131e-03
3.138517e-03
3.041836e-03
2.337848e-03
1.202173e-03
9.225608e-04
9.225608e-04
1.202173e-03
1.792232e-03
1.792232e-03
1.045354e-04
0.000000e+00
0.000000e+00
1.560903e-04
3.138517e-03
3.041836e-03
2.337848e-03
1.620473e-03
1.573606e-03
2.342131e-03
3.041836e-03
3.138517e-03
1.620473e-03
2.337848e-03
1.573606e-03
2.342131e-03
6.299376e-04
9.345542e-04
1.803168e-03
2.343128e-03
1.803168e-03
9.345542e-04
2.084100e-04
0.000000e+00
0.000000e+00
1.613931e-04
0.000000e+00
1.045354e-04
1.560903e-04
0.000000e+00
0.000000e+00
2.084100e-04
1.613931e-04
0.000000e+00
3.388283e-04
6.017956e-05
6.017956e-05
3.388283e-04
1.097594e-04
1.097594e-04
2.689374e-04
8.415116e-04
1.569488e-03
8.382498e-04
2.455261e-04
1.425432e-03
2.421295e-04
6.412317e-04
2.037786e-04
1.819544e-05
5.592884e-05
5.592884e-05
2.689374e-04
2.455261e-04
8.415116e-04
1.569488e-03
8.382498e-04
6.412317e-04
2.421295e-04
1.425432e-03
2.037786e-04
3.045649e-03
3.604838e-03
3.961323e-03
3.602004e-03
2.771809e-03
2.771809e-03
3.604838e-03
3.045649e-03
3.961323e-03
3.602004e-03
3.602004e-03
3.045649e-03
3.604838e-03
3.602004e-03
3.045649e-03
3.604838e-03
2.771809e-03
2.771809e-03
1.569488e-03
8.382498e-04
2.689374e-04
8.415116e-04
1.425432e-03
6.412317e-04
2.421295e-04
2.037786e-04
2.455261e-04
1.819544e-05
5.592884e-05
5.592884e-05
2.037786e-04
2.421295e-04
6.412317e-04
1.425432e-03
8.382498e-04
1.569488e-03
2.689374e-04
8.415116e-04
2.455261e-04
1.097594e-04
6.017956e-05
3.388283e-04
3.388283e-04
6.017956e-05
1.097594e-04
1.212734e-03
1.433221e-03
6.496368e-04
1.212734e-03
6.496368e-04
1.433221e-03
2.764620e-03
2.764620e-03
2.333429e-03
6.182471e-04
3.294277e-04
3.294277e-04
2.764620e-03
2.764620e-03
2.333429e-03
6.182471e-04
3.294277e-04
3.294277e-04
6.496368e-04
1.433221e-03
1.212734e-03
1.433221e-03
6.496368e-04
1.212734e-03
-8.274496e-13
0.000000e+00
0.000000e+00
-2.504561e-04
0.000000e+00
2.465039e-03
0.000000e+00
0.000000e+00
0.000000e+00
0.000000e+00
2.504561e-04
-2.465039e-03
0.000000e+00
-1.491861e-05
1.543629e-12
1.491861e-05
-1.491861e-05
1.491861e-05
2.208710e-12
2.504561e-04
-2.465039e-03
0.000000e+00
0.000000e+00
0.000000e+00
0.000000e+00
0.000000e+00
2.465039e-03
-2.504561e-04
0.000000e+00
0.000000e+00
-4.608903e-13
0.000000e+00
-7.654659e-12
-7.837780e-03
-5.754797e-03
8.801192e-12
5.754797e-03
7.837780e-03
-1.309042e-03
0.000000e+00
0.000000e+00
6.772623e-04
0.000000e+00
1.309042e-03
-6.772623e-04
0.000000e+00
-7.726980e-03
1.429902e-04
-1.086748e-04
-1.159004e-02
8.656359e-03
1.156938e-02
9.385060e-03
7.695557e-03
-7.695557e-03
-9.385060e-03
-5.573568e-03
5.573568e-03
0.000000e+00
1.505461e-03
3.823819e-04
0.000000e+00
-1.505461e-03
0.000000e+00
0.000000e+00
-3.823819e-04
-1.429902e-04
7.726980e-03
1.159004e-02
1.086748e-04
-8.656359e-03
-1.156938e-02
-9.385060e-03
-5.573568e-03
5.573568e-03
9.385060e-03
7.695557e-03
-7.695557e-03
-1.505461e-03
0.000000e+00
0.000000e+00
-3.823819e-04
1.086748e-04
-8.656359e-03
-1.156938e-02
-1.429902e-04
7.726980e-03
1.159004e-02
8.656359e-03
-1.086748e-04
1.429902e-04
1.156938e-02
-7.726980e-03
-1.159004e-02
-5.347954e-12
5.754797e-03
7.837780e-03
7.110485e-12
-7.837780e-03
-5.754797e-03
-1.309042e-03
0.000000e+00
0.000000e+00
6.772623e-04
0.000000e+00
1.505461e-03
3.823819e-04
0.000000e+00
0.000000e+00
1.309042e-03
-6.772623e-04
0.000000e+00
-2.343763e-12
-3.123884e-03
-1.522447e-03
9.063202e-13
1.522447e-03
3.123884e-03
-4.206698e-04
0.000000e+00
0.000000e+00
5.151155e-04
0.000000e+00
4.206698e-04
-5.151155e-04
0.000000e+00
-5.775769e-03
2.156224e-04
-1.789695e-04
-1.008907e-02
8.295466e-03
1.007700e-02
0.000000e+00
2.108912e-03
-5.563151e-04
0.000000e+00
8.374920e-03
2.054645e-03
-9.463892e-03
-6.171159e-03
-8.695755e-04
8.308027e-03
0.000000e+00
2.236861e-03
1.128827e-04
0.000000e+00
-5.736541e-04
0.000000e+00
0.000000e+00
-3.942442e-04
0.000000e+00
5.736541e-04
3.942442e-04
0.000000e+00
-2.108912e-03
0.000000e+00
0.000000e+00
5.563151e-04
-2.156224e-04
5.775769e-03
1.008907e-02
1.789695e-04
-8.295466e-03
-1.007700e-02
-8.374920e-03
-8.308027e-03
8.695755e-04
6.171159e-03
9.463892e-03
-2.054645e-03
-2.236861e-03
0.000000e+00
0.000000e+00
-1.128827e-04
-7.614426e-05
5.052249e-03
7.271171e-03
4.506974e-05
-5.255812e-03
-7.243918e-03
-2.985158e-12
-6.865997e-03
-6.070178e-03
7.100361e-12
6.070178e-03
6.865997e-03
-5.052249e-03
7.614426e-05
-4.506974e-05
-7.271171e-03
5.255812e-03
7.243918e-03
4.506974e-05
-5.255812e-03
-7.243918e-03
-7.614425e-05
5.052249e-03
7.271171e-03
5.255812e-03
-4.506974e-05
7.614426e-05
7.243918e-03
-5.052249e-03
-7.271171e-03
-4.841734e-12
6.070178e-03
6.865997e-03
-7.465758e-13
-6.865997e-03
-6.070178e-03
1.789695e-04
-8.295466e-03
-1.007700e-02
-2.156224e-04
5.775769e-03
1.008907e-02
6.171159e-03
9.463892e-03
-2.054645e-03
-8.374920e-03
-8.308027e-03
8.695755e-04
-2.236861e-03
0.000000e+00
0.000000e+00
-1.128827e-04
-2.108912e-03
0.000000e+00
0.000000e+00
5.563151e-04
-5.736541e-04
0.000000e+00
0.000000e+00
-3.942442e-04
0.000000e+00
5.736541e-04
3.942442e-04
0.000000e+00
0.000000e+00
2.236861e-03
1.128827e-04
0.000000e+00
-6.171159e-03
-8.695755e-04
8.308027e-03
8.374920e-03
2.054645e-03
-9.463892e-03
8.295466e-03
-1.789695e-04
2.156224e-04
1.007700e-02
-5.775769e-03
-1.008907e-02
0.000000e+00
2.108912e-03
-5.563151e-04
0.000000e+00
0.000000e+00
4.206698e-04
-5.151155e-04
0.000000e+00
7.425754e-15
1.522447e-03
3.123884e-03
3.782252e-12
-3.123884e-03
-1.522447e-03
-4.206698e-04
0.000000e+00
0.000000e+00
5.151155e-04
-4.620274e-03
-1.092007e-02
9.625368e-03
4.966775e-03
3.924410e-03
-3.679838e-03
-1.817164e-03
1.728072e-03
4.978112e-03
3.639034e-03
-2.946699e-03
-6.801170e-03
-1.728072e-03
1.817164e-03
-3.639034e-03
-4.978112e-03
2.946699e-03
6.801170e-03
1.092007e-02
4.620274e-03
-4.966775e-03
-9.625367e-03
-3.924410e-03
3.679838e-03
-6.215758e-03
-9.499520e-03
-1.252339e-03
4.060922e-03
8.365405e-03
2.373803e-03
-4.060922e-03
1.252339e-03
9.499520e-03
6.215758e-03
-2.373803e-03
-8.365405e-03
9.091935e-03
6.783844e-03
-6.783844e-03
-9.091935e-03
-5.931959e-03
5.931959e-03
-1.085828e-02
-9.823159e-03
-3.423333e-03
9.522979e-03
1.053280e-02
4.770607e-03
9.823159e-03
1.085828e-02
-9.522979e-03
3.423333e-03
-1.053280e-02
-4.770607e-03
-5.085747e-03
-1.559595e-03
3.419455e-03
-6.724990e-03
6.364456e-03
4.887000e-03
1.559595e-03
5.085747e-03
6.724990e-03
-3.419455e-03
-6.364456e-03
-4.887000e-03
-2.908005e-03
-1.412307e-03
1.412307e-03
2.908005e-03
3.021939e-03
-3.021939e-03
9.091935e-03
6.783844e-03
-6.783844e-03
-9.091935e-03
-5.931959e-03
5.931959e-03
9.823159e-03
1.085828e-02
-9.522979e-03
3.423333e-03
-1.053280e-02
-4.770607e-03
-5.085747e-03
-1.559595e-03
3.419455e-03
-6.724990e-03
6.364456e-03
4.887000e-03
1.559595e-03
5.085747e-03
6.724990e-03
-3.419455e-03
-6.364456e-03
-4.887000e-03
-1.085828e-02
-9.823159e-03
-3.423333e-03
9.522979e-03
1.053280e-02
4.770607e-03
-2.908005e-03
-1.412307e-03
1.412307e-03
2.908005e-03
3.021939e-03
-3.021939e-03
-6.215758e-03
-9.499520e-03
-1.252339e-03
4.060922e-03
8.365405e-03
2.373802e-03
-4.620274e-03
-1.092007e-02
9.625367e-03
4.966775e-03
3.924410e-03
-3.679838e-03
-4.060922e-03
1.252339e-03
9.499520e-03
6.215758e-03
-2.373802e-03
-8.365405e-03
1.092007e-02
4.620274e-03
-4.966775e-03
-9.625368e-03
-3.924410e-03
3.679838e-03
-1.728072e-03
1.817164e-03
-3.639034e-03
-4.978112e-03
2.946699e-03
6.801170e-03
-1.817164e-03
1.728072e-03
4.978112e-03
3.639034e-03
-2.946699e-03
-6.801170e-03
-9.409220e-04
-3.051745e-04
3.051745e-04
9.409220e-04
-1.095679e-04
1.095679e-04
-2.356381e-03
-6.284311e-03
6.161308e-03
6.277426e-03
-4.191721e-04
3.483828e-04
6.698873e-05
5.896275e-03
2.424145e-03
-1.862579e-04
-2.554355e-04
2.554355e-04
-2.356381e-03
4.191721e-04
6.284311e-03
-6.161308e-03
-6.277426e-03
-5.896275e-03
-6.698873e-05
-3.483828e-04
-2.424145e-03
2.685178e-03
3.827407e-03
-2.734266e-03
-3.798237e-03
-3.629610e-03
3.629610e-03
3.827407e-03
-2.685178e-03
2.734266e-03
3.798237e-03
-3.798237e-03
2.685178e-03
3.827407e-03
3.798237e-03
-2.685178e-03
-3.827407e-03
3.629610e-03
-3.629610e-03
-6.161308e-03
-6.277426e-03
2.356381e-03
6.284311e-03
-3.483828e-04
-5.896275e-03
-6.698873e-05
-2.424145e-03
4.191721e-04
-1.862579e-04
-2.554355e-04
2.554355e-04
2.424145e-03
-6.698873e-05
5.896275e-03
3.483828e-04
-6.277426e-03
6.161308e-03
-2.356381e-03
-6.284311e-03
-4.191721e-04
1.095679e-04
-3.051745e-04
9.409220e-04
-9.409220e-04
-3.051745e-04
-1.095679e-04
-8.302729e-03
-6.772091e-03
6.772091e-03
8.302729e-03
-2.257707e-03
1.849537e-03
-4.988147e-03
1.311767e-03
5.807734e-03
-7.925524e-03
-3.655376e-03
3.655376e-03
5.807734e-03
-1.311767e-03
1.849537e-03
7.925524e-03
2.257707e-03
4.988147e-03
-5.209438e-03
-6.467665e-04
4.234636e-03
1.618950e-03
-1.747135e-03
-8.456933e-04
6.365046e-04
3.098596e-03
-2.907318e-03
1.747135e-03
-6.467665e-04
5.209438e-03
-1.618950e-03
-4.234636e-03
-8.456933e-04
-3.098596e-03
2.907318e-03
-6.365046e-04
1.337626e-03
1.174362e-02
-2.005343e-03
-1.106005e-02
-7.471657e-03
9.058138e-03
1.172706e-02
-6.826136e-03
-9.979786e-03
7.311170e-03
9.955472e-03
-2.663942e-03
-5.957395e-03
3.078484e-03
-2.452052e-03
9.336808e-03
-1.726950e-03
9.935558e-03
9.662414e-03
-4.765305e-03
-7.815912e-03
2.902217e-03
9.942415e-03
-1.036246e-02
-6.600050e-03
-9.942415e-03
-4.765305e-03
6.600050e-03
-9.662414e-03
-2.902217e-03
7.815912e-03
-7.607947e-03
8.169627e-03
5.671659e-03
7.607947e-03
-5.671659e-03
1.037146e-03
4.306364e-04
1.892987e-03
1.617423e-03
-3.051280e-03
-1.920295e-03
-4.193270e-03
4.087604e-03
2.695225e-04
-1.892987e-03
4.306364e-04
3.051280e-03
-1.617423e-03
-1.037146e-03
-1.920295e-03
-2.695225e-04
4.193270e-03
-4.087604e-03
7.471657e-03
1.174362e-02
-9.058138e-03
-1.172706e-02
-1.337626e-03
1.106005e-02
2.005343e-03
-6.826136e-03
2.663942e-03
5.957395e-03
9.979786e-03
-7.311170e-03
-9.955472e-03
-3.078484e-03
-9.336808e-03
2.452052e-03
1.726950e-03
-9.935558e-03
-2.902217e-03
7.815912e-03
4.765305e-03
-9.662414e-03
-7.607947e-03
8.169627e-03
5.671659e-03
7.607947e-03
7.815912e-03
-5.671659e-03
2.902217e-03
9.662414e-03
-4.765305e-03
9.942415e-03
-1.036246e-02
-6.600050e-03
-9.942415e-03
6.600050e-03
-1.892987e-03
4.306364e-04
3.051280e-03
-1.617423e-03
-1.037146e-03
-1.920295e-03
-2.695225e-04
4.193270e-03
-4.087604e-03
-7.311170e-03
-9.955472e-03
6.826136e-03
9.979786e-03
-3.078484e-03
-9.336808e-03
2.452052e-03
9.058138e-03
1.726950e-03
-9.935558e-03
-1.172706e-02
7.471657e-03
1.174362e-02
-1.337626e-03
1.106005e-02
2.005343e-03
2.663942e-03
5.957395e-03
3.078484e-03
-9.955472e-03
-2.452052e-03
9.336808e-03
7.311170e-03
-6.826136e-03
-9.979786e-03
9.058138e-03
1.172706e-02
-7.471657e-03
-1.174362e-02
-1.726950e-03
9.935558e-03
1.337626e-03
-2.005343e-03
-1.106005e-02
-2.663942e-03
-5.957395e-03
3.655376e-03
5.807734e-03
-5.807734e-03
-3.655376e-03
-1.311767e-03
1.849537e-03
7.925524e-03
2.257707e-03
-6.772091e-03
4.988147e-03
8.302729e-03
-8.302729e-03
-6.772091e-03
-2.257707e-03
1.849537e-03
-4.988147e-03
1.311767e-03
-7.925524e-03
-5.209438e-03
-6.467665e-04
4.234636e-03
1.618950e-03
-1.747135e-03
-8.456933e-04
6.365046e-04
3.098596e-03
-2.907318e-03
1.037146e-03
4.306364e-04
1.892987e-03
1.617423e-03
-3.051280e-03
-1.920295e-03
-4.193270e-03
4.087604e-03
2.695225e-04
1.747135e-03
-6.467665e-04
5.209438e-03
-1.618950e-03
-4.234636e-03
-8.456933e-04
-3.098596e-03
2.907318e-03
-6.365046e-04
6.919768e-04
-1.799834e-03
-1.942339e-03
6.919768e-04
1.942339e-03
1.799834e-03
-7.671812e-04
-5.916450e-03
-5.051901e-03
-9.896561e-04
1.101085e-02
8.607925e-03
5.802201e-03
5.177433e-03
-1.291971e-03
8.925089e-04
-8.925089e-04
-1.681234e-03
5.916450e-03
7.671813e-04
-5.051901e-03
-1.101085e-02
9.896561e-04
-8.607925e-03
5.802201e-03
1.291971e-03
-5.177433e-03
9.409874e-03
3.227144e-03
2.531526e-03
-3.541531e-03
3.541531e-03
-7.465745e-03
2.531526e-03
9.409874e-03
3.227144e-03
-3.541531e-03
3.541531e-03
7.465745e-03
9.409874e-03
3.227144e-03
2.531526e-03
-3.227144e-03
-9.409874e-03
-2.531526e-03
-1.101085e-02
9.896561e-04
-8.607925e-03
5.916450e-03
7.671812e-04
5.051901e-03
5.802201e-03
1.291971e-03
-5.177433e-03
8.925089e-04
-8.925089e-04
-1.681234e-03
1.291971e-03
-5.177433e-03
5.802201e-03
-8.607925e-03
-1.101085e-02
9.896561e-04
-7.671812e-04
-5.916450e-03
-5.051901e-03
-1.799834e-03
-1.942339e-03
6.919768e-04
6.919768e-04
-1.799834e-03
-1.942339e-03
-9.742897e-03
-3.176913e-03
4.651572e-03
3.176913e-03
9.742897e-03
4.651572e-03
1.021383e-02
8.180519e-03
-8.180519e-03
-3.495416e-03
3.495416e-03
4.748029e-03
1.021383e-02
8.180519e-03
-8.180519e-03
-3.495416e-03
3.495416e-03
4.748029e-03
-4.651572e-03
3.176913e-03
9.742897e-03
-4.651572e-03
-9.742897e-03
-3.176913e-03
